第７回レポート課題
１

実行結果
b162392@imc2e-043:/fs/home/b162392$ ./a.out
行列A
  1  2  3  4
  5  6  7  8
  9 10 11 12
 13 14 15 16
行列Aの転置
  1  5  9 13
  2  6 10 14
  3  7 11 15
  4  8 12 16

プログラミングの説明
#include<stdio.h>
main()
{
	
	int x, y;
	int a[4][4]= {
		{ 1, 2, 3, 4 },
		{ 5, 6, 7, 8 },
		{ 9, 10, 11, 12 },
		{ 13, 14, 15, 16 },
			};

	printf("行列A\n");
	
	for(y=0;y<=3;y++){

		for(x=0;x<=3;x++){
			printf("%3d",a[y][x]);
		}
		printf("\n");

	}


	printf("行列Aの転置\n");

	for(y=0;y<=3;y++){

		for(x=0;x<=3;x++){
			printf("%3d",a[x][y]);
		}
		printf("\n");

	}
}


a[4][4]は多次元配列で一つ目の４がｙ方向の要素数が４、２つ目の４がｘ方向の要素数が４であるという意味
二重ループを使って行列のｘとｙを定義する。
１つ目のfor文でｙが３まで０から１ずつ増やして値をｙに代入する
２つ目のfor文でｘが３まで０から１ずつ増やして値をｘに代入する
また、２つ目のfor文に改行を行わせることによって２つ目のfor文が終了するごと（ｘ方向に４つ分、値が表示されるごと）に改行が行われるようになる

